1.01996613,
1.00839031,
0.98565155,
0.96781439,
0.99550939,
1.01646864,
1.00551009,
0.98938835,
0.95633316,
0.97785574,
0.89796388,
1.02353978,
1.00507545,
1.02404666,
0.99759227,
0.97099471,
0.99206150,
0.98724967,
1.00185251,
0.97861105,
0.95625955,
0.95459646,
0.97608346,
1.01366198,
0.95576245,
0.94122690,
0.94518137,
0.97256404,
0.94664210,
0.97983843,
0.99239326,
0.97951949,
1.06306744,
1.01582098,
0.96406698,
0.96839118,
0.95912933,
0.99043441,
0.92823207,
1.00970829,
0.97322863,
0.98571259,
1.00141764,
0.95467675,
0.98211825,
1.02083528,
0.98231852,
0.98015219,
0.99775016,
1.00106895,
0.99185580,
0.96274251,
1.02117157,
0.98200357,
0.98248923,
1.01968312,
0.98298091,
1.00032234,
0.96462792,
0.98781496,
0.99428558,
0.99965125,
0.93760508,
0.96244985,