-0.138827950,
0.091101065,
0.071224742,
-0.008171782,
-0.051042154,
-0.099624455,
0.016137941,
-0.073916703,
-0.081079721,
-0.050287709,
0.128398851,
0.047978960,
0.064476259,
0.073153213,
0.024708102,
-0.066854917,
-0.071085595,
0.009486751,
-0.039515294,
0.086107105,
-0.098267347,
0.102555268,
-0.069742538,
-0.054885510,
0.080170371,
0.107249223,
0.076063022,
0.043514322,
-0.120822176,
0.056458674,
0.060644250,
0.118415944,
-0.069064848,
0.087140940,
-0.039574802,
0.043026309,
-0.056817550,
0.092899233,
-0.066701151,
-0.091025002,
0.084783487,
0.031239595,
0.093037538,
0.102710918,
0.039903812,
0.009262145,
-0.118424416,
0.057250891,
0.050363954,
-0.043441538,
-0.069026187,
-0.073259272,
0.082383707,
-0.063979819,
0.069748893,
-0.075796843,
-0.079554692,
-0.073203743,
0.013287921,
0.037012577,
0.036301941,
-0.043185577,
0.075531773,
0.161472827,
0.045058087,
0.099393442,
-0.063352093,
-0.206423804,
-0.050016176,
0.069023445,
-0.009914986,
-0.056379054,
-0.056090929,
-0.047553003,
0.058972232,
0.072934441,
-0.057248924,
-0.068709150,
0.000081068,
0.058814462,
0.090197802,
-0.108992308,
-0.100970455,
0.070926920,
0.079338022,
0.088205464,
-0.100936897,
0.057028968,
0.053056318,
-0.079368323,
-0.009758948,
-0.026399698,
0.080260336,
-0.032568101,
-0.133980200,
-0.035217129,
0.063160874,
0.089654826,
0.068914272,
0.097855382,
0.057295822,
-0.104374290,
-0.088547334,
0.099010952,
0.023449168,
0.107148372,
0.066421092,
0.047774073,
-0.142478704,
0.074801348,
0.065654978,
-0.055638108,
-0.030963141,
0.035421312,
0.046376098,
0.074438743,
-0.106927179,
0.018314283,
0.082930736,
-0.081506163,
-0.075133607,
0.039666254,
-0.052664850,
0.136256069,
-0.073880598,
-0.100310475,
-0.079420626,
-0.054578528