0.012396554,
0.023411585,
0.011175536,
-0.005971353,
0.011148429,
-0.005666089,
-0.000113093,
-0.009396056,
0.000174414,
-0.006732798,
-0.017632265,
0.014136593,
0.018121572,
0.002914921,
0.001838150,
0.003091220,
-0.010248637,
0.021296941,
-0.003365553,
0.017319478,
-0.034159347,
0.011492367,
0.012103378,
-0.011806383,
-0.010023556,
-0.007401912,
-0.006499398,
-0.020325601,
0.021051835,
-0.009200070,
0.020050228,
0.008872935,
-0.009898488,
0.000991858,
0.002141382,
0.013079938,
0.029846782,
0.008772596,
-0.011250935,
0.014842561,
-0.013591758,
0.000232160,
-0.006205820,
0.011873457,
-0.003895496,
0.015294685,
-0.014439821,
-0.008989808,
0.013773271,
0.020139987,
0.013771516,
0.006390971,
0.022064054,
0.004564573,
0.006045752,
0.014072332,
-0.019441310,
0.004200962,
0.017491283,
0.004761261,
-0.016119014,
-0.020410854,
0.018418908,
-0.009189728