0.04025111,
0.00611955,
-0.00191035,
0.01568637,
0.00778393,
0.02124271,
0.05934336,
-0.01152069,
0.01343030,
0.07230175,
0.10762698,
0.00757612,
0.03539021,
-0.00747065,
0.01574728,
0.05970762,
0.01309685,
0.08159470,
0.01527284,
0.00993212,
0.06989267,
0.08733495,
0.00669988,
0.07186967,
0.04821905,
0.08738056,
0.02849537,
0.07235315,
0.02393818,
0.07675610,
-0.00334262,
0.01488054,
0.00855506,
0.01635966,
0.01029820,
-0.00246342,
0.03684951,
0.00371292,
0.09717375,
0.00971621,
0.01496723,
0.01625413,
0.02368865,
0.05935119,
0.01852403,
0.01116989,
0.06434596,
-0.00774575,
0.02671521,
0.01272452,
0.05226919,
0.00180962,
0.01292363,
0.00449304,
0.01099214,
-0.00350803,
0.02558648,
0.03403235,
0.04151619,
0.02743378,
0.00403840,
0.01079576,
0.07141487,
0.05068496,