0.06292951
0.01906370
0.04158202
0.04099216
0.05033242
0.03584477
0.04996766
0.04453216
0.03007559
0.03112633
0.04241018
-0.01266380
0.06777003
-0.00098687
-0.00362018
0.06785692
0.00750592
0.04100299
0.04694249
0.07014318
0.05986040
0.02716911
0.04462165
0.03566918
0.03816308
0.04075977
0.31629360
0.01305848
0.03378195
0.04223689
0.02067680
0.09498703
0.20010303
0.05082493
0.03493619
0.04160855
0.19759466
0.07352115
0.02396644
0.25894311
0.04401613
0.10646152
-0.03491902
0.02115790
0.03027545
0.03342303
0.02687184
0.03733452
0.02377449
0.03894298
0.11274367
0.01950199
0.02484038
0.03484146
0.04821679
0.01464171
-0.02920260
0.02033494
0.04323506
0.17762125
0.08783796
0.18199137
0.03091473
0.04121144
0.04003005
0.01134757
0.00394942
0.05542246
0.02121483
0.15558903
0.05657449
0.04961306
0.01108645
0.02251485
0.02819690
0.01167048
0.03132915
0.02438201
0.04602806
0.02020647
0.04988791
-0.01298278
0.03292367
0.04635546
0.00487874
0.03313604
0.04152666
0.03833880
0.20326056
0.04646318
0.09542380
0.04633961
0.06545015
0.02664982
0.02641577
0.01081584
0.10122452
0.11302169
0.06120223
0.07527884
0.06918096
0.04803542
0.02082750
0.07997357
0.06636435
0.00523491
0.02270490
0.06936721
0.07843541
0.03457151
0.07518888
0.07498852
0.00613461
0.04436480
0.15326169
0.04426026
0.03953230
0.44021136
0.03980804
0.05680252
0.02512361
0.40668952
0.08225604
0.03298249
0.06778836
0.11346427
0.39741671
0.01327904
