0.02976023,
0.00447237,
-0.00123507,
0.01323091,
0.00680073,
0.02471152,
0.07021462,
-0.01405045,
0.00744955,
0.10809435,
0.12685651,
0.00459104,
0.03127058,
-0.00938679,
0.01176036,
0.07408860,
0.02180005,
0.07541395,
0.01658025,
0.01229841,
0.08096804,
0.12777449,
0.00645719,
0.08674401,
0.05703955,
0.11030956,
0.04076772,
0.07918080,
0.02134142,
0.09781409,
-0.00563492,
0.02213012,
0.00208419,
0.01859731,
0.00913934,
-0.00676548,
0.03344512,
0.00345647,
0.12793867,
0.00894443,
0.01479258,
0.02879163,
0.02227775,
0.07121883,
0.02250386,
0.02030715,
0.05949021,
-0.01066528,
0.02865246,
0.01428680,
0.05083700,
-0.00056337,
0.01729266,
0.00100015,
0.01364140,
-0.00619628,
0.02942535,
0.02395413,
0.05459194,
0.03422206,
0.00355141,
0.00729499,
0.08225743,
0.06069531,