0.97368807
0.98883241
0.97352767
1.00393212
0.99374890
0.97044098
0.97977507
0.96386153
0.97627479
0.99026662
0.99180281
0.97954059
1.02042925
0.98104537
0.98528397
0.93359250
0.97824067
0.95041668
0.98009950
0.98350829
0.94864154
1.00807750
0.97825009
0.98157012
0.99995631
0.99840117
0.78914881
0.98878098
0.99220061
1.00489700
0.98103887
0.94336385
0.90676636
1.02530944
0.96543455
0.97056419
0.90863675
0.87682474
0.96938944
0.81723571
1.01472676
0.96657324
0.91771495
0.98124105
0.91677654
0.98380554
0.98794204
1.01087058
0.98932773
1.00158191
0.93021697
1.00484538
0.99331307
0.96803302
0.96349466
0.98761457
0.89768672
0.95775795
0.97281599
1.04616511
0.96656853
0.86502391
0.98787278
1.00443339
0.96829647
0.99250150
0.98353010
0.98742610
0.98798317
0.95658261
0.96819186
0.88307458
0.99729699
1.00536573
0.95042449
1.00788307
0.97898591
0.99790090
0.97388417
0.97357202
0.96151954
0.97622836
0.99825752
1.00351965
0.92563236
0.99368864
0.97405297
1.03023589
0.87241137
0.93644810
0.99413449
0.87248892
1.01154280
0.98231125
1.01122034
0.99879813
0.98194897
0.94716102
0.98561382
0.94659936
0.88551617
1.00160468
1.00181341
0.93928957
0.99350703
0.98708081
0.97451597
0.91042674
1.04725385
0.97606510
0.95631832
0.96966499
0.97797894
0.99042565
0.92132396
0.98409814
0.97139800
1.28149271
0.96268183
1.05992579
0.98416615
1.33213687
0.93912482
0.97477835
1.06492352
0.95086962
0.75091767
0.99335617
