0.097284742,
0.041007444,
0.017274303,
0.108041830,
0.056876797,
-0.007190597,
0.025589218,
0.058317214,
-0.033876706,
0.080281526,
0.096098505,
0.020831691,
-0.018598070,
-0.005691542,
-0.030082216,
0.038792342,
-0.012605556,
0.202166259,
0.226631179,
-0.050133813,
0.058826588,
0.071047917,
0.070788763,
0.140071347,
0.027580984,
0.099346228,
0.002275533,
-0.031031422,
0.145896688,
-0.011236405,
-0.005820757,
0.091398910,
-0.040272105,
-0.036994509,
0.106969558,
-0.005261815,
0.012972278,
0.060938600,
-0.001558712,
-0.007261055,
0.051891007,
0.056852967,
0.028648684,
0.011229227,
0.038830649,
0.006261194,
0.064249873,
-0.016815033,
0.065600209,
0.034097578,
0.027783014,
0.025035612,
0.090788834,
0.087070242,
-0.015400385,
-0.010443391,
-0.002183002,
0.041631412,
0.064575016,
0.082967125,
0.077309966,
-0.021255523,
-0.040013317,
0.121973529,
0.046388280,
0.027553510,
0.007233944,
0.288987100,
0.056612201,
0.037712656,
0.077477843,
-0.005189834,
0.082054302,
-0.037735056,
-0.025425194,
0.010786014,
-0.037836745,
0.060649764,
0.036626473,
0.059512071,
0.013930541,
0.360567480,
0.129550815,
0.070834480,
-0.056382064,
0.018273793,
-0.003892017,
0.006870729,
0.005124023,
0.071617492,
0.048120514,
-0.050521318,
0.039636835,
-0.012990374,
0.350881368,
-0.029006770,
-0.013596754,
0.043170292,
-0.028034642,
0.053705253,
0.019464683,
-0.018917195,
0.058768447,
-0.011588858,
0.037999418,
0.031156396,
-0.017712427,
0.252887607,
0.087693542,
0.054303445,
-0.013479589,
0.045999039,
0.050647069,
-0.052504607,
0.010057595,
0.017077977,
0.089021064,
0.044640567,
-0.016478172,
0.033970051,
0.013462159,
0.019302022,
-0.035796527,
0.076130688,
-0.009212629,
0.066951647,
-0.030057175,
0.052956317