0.000000000
0.471335086
0.529940726
0.197228555
0.593381353
0.383448219
0.215922535
0.562220647
0.312306874
0.328417571
0.546913591
0.276214563
0.390543445
0.484971017
0.272477547
0.442451086
0.433895597
0.295895714
0.463541472
0.386165763
0.328713642
0.464161012
0.356577336
0.364072709
0.449459974
0.342374511
0.392493749
0.427572821
0.342494392
0.411336875
0.405211370
0.351792874
0.419524460
0.386881044
0.365559983
0.419036190
0.374965357
0.379513406
0.412677385
0.369687747
0.390790039
0.403629930
0.369933514
0.397976792
0.394530064
0.373814752
0.400937330
0.387185888
0.379347389
0.400426397
0.382459086
0.384855468
0.397644238
0.380410085
0.389216792
0.393855476
0.380543717
0.391902169
0.390112948
0.382089979
0.392890195
0.387117408
0.384247414
0.392505305
0.385191454
0.386353566
0.391240510
0.384338570
0.387972256
0.389603699
0.384346374
0.388906976
0.388011218
0.384899589
0.389162067
0.386734405
0.385676707
0.388876260
0.385892632
0.386416389
0.388251035
0.385479053
0.386950128
0.387489771
0.385403228
0.387205667
0.386756395
0.385536567
0.387189992
0.386155442
0.385750594
0.386962015
0.385730545
0.385942648
0.386603770
0.385475628
0.386048033
0.386196388
0.385352415
0.386040552
0.385804122
0.385308665
0.385925155
0.385466986
0.385293238
0.385726721
0.385200672
0.385266015
0.385478542
0.385001386
0.385202344
0.385212856
0.384853005
0.385092916
0.384954725
0.384734382
0.384940607
0.384719346
0.384625247
0.384755897
0.384512234
0.384510011
0.384552257
0.384331306
0.384379370
0.384342458
0.384169789
0.384230122
0.384136219
0.384019148
0.384063806
0.383939259
0.383871385
0.383884829
0.383753449
0.383720483
0.383698640
0.383577717
0.383562980
0.383510289
0.383409223
0.383397830
0.383323523
0.383244523
0.383225825
0.383140470
0.383080476
0.383048833
0.382961730
0.382914785
0.382869061
0.382786768
0.382746185
0.382688503
0.382614390
0.382574371
0.382508599
0.382443210
0.382399746
0.382330131
0.382272002
0.382223110
0.382153271
0.382099895
0.382045370
0.381977755
0.381926450
0.381867311
0.381803084
0.381751598
0.381689490
0.381628699
0.381575552
0.381512186
0.381454121
0.381398660
0.381335440
0.381279034
0.381221301
0.381159125
0.381103293
0.381043790
0.380983028
0.380926906
0.380866342
0.380806925
0.380749982
0.380689055
0.380630640
0.380572683
0.380511936
0.380454055
0.380395169
0.380334923
0.380277136
0.380217575
0.380157929
0.380099904
0.380039983
0.379980865
0.379922420
0.379862431
0.379803666
0.379744767
0.379684917
0.379626296
0.379567013
0.379507412
0.379448757
0.379389222
0.379329884
0.379271067
0.379211426
0.379152298
0.379093267
0.379033643
0.378974634
0.378915395
0.378855871
0.378796889
0.378737493
0.378678100
0.378619068
0.378559585
0.378500317
0.378441189
0.378381694
0.378322515
0.378263281
0.378203824
0.378144690
0.378085364
0.378025980
0.377966845
0.377907465
0.377848161
0.377788992
0.377729595
0.377670361
0.377611146
0.377551767
0.377492582
0.377433324
0.377373991
0.377314831
0.377255543
0.377196267
0.377137111
0.377077816
0.377018598
0.376959436
0.376900156
0.376840991
0.376781817
0.376722572
0.376663446
0.376604265
0.376545067
0.376485968
0.376426796
0.376367651
0.376308571
0.376249416
0.376190326
0.376131259
0.376072138
0.376013097
0.375954045
0.375894968
0.375835969
0.375776938
0.375717914
0.375658952
0.375599949
0.375540980
0.375482049
0.375423086
0.375364170
0.375305273
0.375246355
0.375187495
0.375128632
0.375069769
0.375010957
0.374952134
0.374893326
0.374834563
0.374775785
0.374717039
0.374658322
0.374599597
0.374540910
0.374482242
0.374423572
0.374364947
0.374306328
0.374247722
0.374189156
0.374130590
0.374072049
0.374013540
0.373955036
0.373896561
0.373838112
0.373779669
0.373721262
0.373662874
0.373604499
0.373546160
0.373487836
0.373429533
0.373371262
0.373313003
0.373254772
0.373196571
0.373138383
0.373080226
0.373022095
0.372963981
0.372905899
0.372847839
0.372789802
0.372731796
0.372673813
0.372615854
0.372557926
0.372500018
0.372442139
0.372384292
0.372326464
0.372268668
0.372210900
0.372153155
0.372095441
0.372037755
0.371980095
0.371922467
0.371864866
0.371807293
0.371749751
0.371692235
0.371634751
0.371577296
0.371519869
0.371462474
0.371405111
0.371347773
0.371290471
0.371233197
0.371175952
0.371118744
0.371061563
0.371004414
0.370947297
0.370890211
0.370833158
0.370776138
0.370719150
0.370662194
0.370605272
0.370548379
0.370491523
0.370434701
0.370377910
0.370321153
0.370264431
0.370207742
0.370151087
0.370094466
0.370037879
0.369981330
0.369924813
0.369868330
0.369811885
0.369755474
0.369699099
0.369642759
0.369586454
0.369530187
0.369473954
0.369417758
0.369361599
0.369305477
0.369249390
0.369193342
0.369137330
0.369081356
0.369025418
0.368969518
0.368913654
0.368857831
0.368802044
0.368746297
0.368690586
0.368634913
0.368579280
0.368523686
0.368468130
0.368412614
0.368357134
0.368301697
0.368246298
0.368190939
0.368135618
0.368080338
0.368025098
0.367969898
0.367914738
0.367859619
0.367804538
0.367749500
0.367694504
0.367639546
0.367584630
0.367529755
0.367474922
0.367420129
0.367365379
0.367310670
0.367256002
0.367201377
0.367146793
0.367092252
0.367037753
0.366983295
0.366928882
0.366874510
0.366820182
0.366765894
0.366711651
0.366657452
0.366603294
0.366549180
0.366495111
0.366441084
0.366387102
0.366333162
0.366279267
0.366225414
0.366171608
0.366117844
0.366064125
0.366010450
0.365956820
0.365903236
0.365849695
0.365796199
0.365742749
0.365689341
0.365635981
0.365582666
0.365529395
0.365476170
0.365422991
0.365369858
0.365316770
0.365263728
0.365210732
0.365157783
0.365104878
0.365052020
0.364999208
0.364946444
0.364893725
0.364841054
0.364788427
0.364735849
0.364683318
0.364630833
0.364578395
0.364526005
0.364473661
0.364421365
0.364369118
0.364316915
0.364264761
0.364212656
0.364160597
0.364108588
0.364056625
0.364004709
0.363952843
0.363901024
0.363849254
0.363797531
0.363745859
0.363694233
0.363642656
0.363591128
0.363539649
0.363488218
0.363436836
0.363385503
0.363334221
0.363282986
0.363231799
0.363180663
0.363129577
0.363078538
0.363027549
0.362976610
0.362925721
0.362874882
0.362824090
0.362773351
0.362722661
0.362672019
0.362621428
0.362570887
0.362520396
0.362469956
0.362419567
0.362369226
0.362318935
0.362268696
0.362218506
0.362168370
0.362118282
0.362068245
0.362018257
0.361968321
0.361918437
0.361868602
0.361818819
0.361769088
0.361719407
0.361669775
0.361620196
0.361570670
0.361521193
0.361471767
0.361422394
0.361373072
0.361323801
0.361274583
0.361225415
0.361176299
0.361127233
0.361078221
0.361029259
0.360980351
0.360931493
0.360882688
0.360833935
0.360785234
0.360736584
0.360687987
0.360639441
0.360590949
0.360542509
0.360494120
0.360445784
0.360397501
0.360349269
0.360301090
0.360252964
0.360204892
0.360156870
0.360108901
0.360060985
0.360013122
0.359965312
0.359917553
0.359869849
0.359822197
0.359774597
0.359727052
0.359679558
0.359632117
0.359584730
0.359537397
0.359490115
0.359442887
0.359395713
0.359348591
0.359301523
0.359254507
0.359207545
0.359160637
0.359113782
0.359066981
0.359020232
0.358973538
0.358926897
0.358880309
0.358833774
0.358787294
0.358740867
0.358694493
0.358648172
0.358601907
0.358555694
0.358509534
0.358463430
0.358417379
0.358371382
0.358325437
0.358279549
0.358233712
0.358187930
0.358142203
0.358096529
0.358050908
0.358005342
0.357959830
0.357914372
0.357868968
0.357823618
0.357778322
0.357733081
0.357687893
0.357642757
0.357597680
0.357552655
0.357507683
0.357462766
0.357417903
0.357373096
0.357328341
0.357283643
0.357238996
0.357194406
0.357149869
0.357105387
0.357060958
0.357016584
0.356972266
0.356928000
0.356883790
0.356839633
0.356795533
0.356751486
0.356707492
0.356663555
0.356619669
0.356575841
0.356532065
0.356488347
0.356444680
0.356401070
0.356357513
0.356314011
0.356270564
0.356227171
0.356183832
0.356140549
0.356097318
0.356054145
0.356011025
0.355967960
0.355924948
0.355881992
0.355839090
0.355796244
0.355753452
0.355710714
0.355668031
0.355625403
0.355582830
0.355540310
0.355497846
0.355455436
0.355413082
0.355370783
0.355328537
0.355286346
0.355244210
0.355202127
0.355160101
0.355118129
0.355076211
0.355034347
0.354992540
0.354950786
0.354909087
0.354867443
0.354825853
0.354784319
0.354742839
0.354701413
0.354660043
0.354618726
0.354577464
0.354536257
0.354495106
0.354454007
0.354412966
0.354371977
0.354331044
0.354290164
0.354249339
0.354208569
0.354167854
0.354127195
0.354086588
0.354046037
0.354005541
0.353965097
0.353924709
0.353884376
0.353844099
0.353803874
0.353763706
0.353723590
0.353683531
0.353643524
0.353603573
0.353563677
0.353523834
0.353484046
0.353444314
0.353404634
0.353365010
0.353325440
0.353285924
0.353246463
0.353207057
0.353167704
0.353128406
0.353089163
0.353049974
0.353010839
0.352971758
0.352932732
0.352893760
0.352854842
0.352815979
0.352777171
0.352738417
0.352699715
0.352661068
0.352622477
0.352583938
0.352545455
0.352507027
0.352468652
0.352430330
0.352392063
0.352353851
0.352315692
0.352277586
0.352239536
0.352201538
0.352163596
0.352125708
0.352087874
0.352050093
0.352012367
0.351974694
0.351937074
0.351899509
0.351861999
0.351824542
0.351787139
0.351749788
0.351712493
0.351675252
0.351638063
0.351600929
0.351563849
0.351526821
0.351489848
0.351452930
0.351416063
0.351379251
0.351342493
0.351305789
0.351269136
0.351232538
0.351195994
0.351159504
0.351123066
0.351086682
0.351050352
0.351014075
0.350977852
0.350941681
0.350905565
0.350869502
0.350833492
0.350797535
0.350761631
0.350725782
0.350689984
0.350654239
0.350618549
0.350582912
0.350547326
0.350511796
0.350476318
0.350440891
0.350405519
0.350370201
0.350334933
0.350299721
0.350264561
0.350229452
0.350194397
0.350159396
0.350124447
0.350089550
0.350054707
0.350019916
0.349985179
0.349950492
0.349915861
0.349881281
0.349846753
0.349812279
0.349777855
0.349743487
0.349709169
0.349674905
0.349640691
0.349606531
0.349572424
0.349538369
0.349504366
0.349470415
0.349436518
0.349402671
0.349368878
0.349335135
0.349301445
0.349267809
0.349234223
0.349200690
0.349167209
0.349133780
0.349100402
0.349067077
0.349033804
0.349000583
0.348967413
0.348934296
0.348901230
0.348868215
0.348835253
0.348802342
0.348769481
0.348736674
0.348703918
0.348671215
0.348638562
0.348605961
0.348573410
0.348540913
0.348508466
0.348476070
0.348443725
0.348411434
0.348379191
0.348347001
0.348314862
0.348282773
0.348250736
0.348218752
0.348186816
0.348154934
0.348123100
0.348091320
0.348059590
0.348027909
0.347996281
0.347964702
0.347933176
0.347901699
0.347870275
0.347838899
0.347807575
0.347776303
0.347745080
0.347713906
0.347682785
0.347651715
0.347620694
0.347589724
0.347558804
0.347527934
0.347497116
0.347466347
0.347435627
0.347404960
0.347374342
0.347343775
0.347313256
0.347282789
0.347252372
0.347222004
0.347191685
0.347161419
0.347131201
0.347101033
0.347070915
0.347040846
0.347010828
0.346980859
0.346950941
0.346921071
0.346891251
0.346861481
0.346831760
0.346802090
0.346772468
0.346742896
0.346713372
0.346683899
0.346654475
0.346625100
0.346595774
0.346566498
0.346537271
0.346508093
0.346478964
0.346449884
0.346420854
0.346391871
0.346362939
0.346334054
0.346305220
0.346276434
0.346247695
0.346219007
0.346190368
0.346161775
0.346133234
0.346104739
0.346076292
0.346047897
0.346019548
0.345991249
0.345962995
0.345934793
0.345906637
0.345878531
0.345850473
0.345822463
0.345794501
0.345766587
0.345738720
0.345710903
0.345683134
0.345655411
0.345627737
0.345600111
0.345572533
0.345545003
0.345517522
0.345490085
0.345462700
0.345435361
0.345408068
0.345380825
0.345353628
0.345326478
0.345299376
0.345272321
0.345245315
0.345218356
0.345191443
0.345164577
0.345137760
0.345110990
0.345084266
0.345057591
0.345030960
0.345004378
0.344977843
0.344951355
0.344924913
0.344898518
0.344872172
0.344845870
0.344819615
0.344793409
0.344767247
0.344741132
0.344715065
0.344689044
0.344663068
0.344637140
0.344611258
0.344585423
0.344559632
0.344533891
0.344508193
0.344482543
0.344456939
0.344431379
0.344405867
0.344380401
0.344354981
0.344329606
0.344304278
0.344278995
0.344253758
0.344228567
0.344203422
0.344178323
0.344153268
0.344128260
0.344103297
0.344078380
0.344053508
0.344028682
0.344003901
0.343979165
0.343954475
0.343929830
0.343905230
0.343880676
0.343856166
0.343831701
0.343807283
0.343782907
0.343758578
0.343734293
0.343710056
0.343685860
0.343661709
0.343637605
0.343613545
0.343589530
0.343565557
0.343541631
0.343517749
0.343493912
0.343470118
0.343446370
0.343422666
0.343399005
0.343375391
0.343351819
0.343328292
0.343304809
0.343281371
0.343257975
0.343234623
0.343211317
0.343188054
0.343164835
0.343141659
0.343118529
0.343095442
0.343072399
0.343049397
0.343026441
0.343003528
0.342980659
0.342957833
0.342935050
0.342912312
0.342889616
0.342866965
0.342844356
0.342821790
0.342799268
0.342776788
0.342754353
0.342731958
0.342709608
0.342687303
0.342665037
0.342642817
0.342620638
0.342598502
0.342576411
0.342554360
0.342532353
0.342510389
0.342488468
0.342466588
0.342444749
0.342422955
0.342401203
0.342379493
0.342357826
0.342336202
0.342314619
0.342293079
0.342271580
0.342250125
0.342228710
0.342207338
0.342186008
0.342164720
0.342143473
0.342122268
0.342101106
0.342079986
0.342058907
0.342037869
0.342016873
0.341995920
0.341975006
0.341954136
0.341933305
0.341912518
0.341891772
0.341871065
0.341850401
0.341829778
0.341809197
0.341788656
0.341768157
0.341747699
0.341727282
0.341706904
0.341686569
0.341666276
0.341646022
0.341625810
0.341605638
0.341585507
0.341565415
0.341545365
0.341525356
0.341505388
0.341485458
0.341465570
0.341445723
0.341425916
0.341406150
0.341386423
0.341366737
0.341347092
0.341327486
0.341307921
0.341288394
0.341268910
0.341249463
0.341230057
0.341210691
0.341191366
0.341172081
0.341152834
0.341133627
0.341114461
0.341095333
0.341076245
0.341057197
0.341038188
0.341019219
0.341000290
0.340981399
0.340962549
0.340943737
0.340924965
0.340906231
0.340887538
0.340868883
0.340850266
0.340831689
0.340813151
0.340794653
0.340776193
0.340757771
0.340739389
0.340721046
0.340702741
0.340684474
0.340666247
0.340648058
0.340629908
0.340611796
0.340593722
0.340575686
0.340557691
0.340539731
0.340521812
0.340503929
0.340486086
0.340468282
0.340450513
0.340432785
0.340415093
0.340397439
0.340379825
0.340362247
0.340344708
0.340327204
0.340309741
0.340292314
0.340274927
0.340257575
0.340240262
0.340222986
0.340205747
0.340188547
0.340171383
0.340154257
0.340137170
0.340120118
0.340103103
0.340086127
0.340069186
0.340052285
0.340035418
0.340018591
0.340001798
0.339985044
0.339968327
0.339951645
0.339935002
0.339918394
0.339901824
0.339885290
0.339868794
0.339852332
0.339835908
0.339819521
0.339803171
0.339786856
0.339770578
0.339754335
0.339738129
0.339721960
0.339705827
0.339689732
0.339673671
0.339657646
0.339641657
0.339625704
0.339609787
0.339593907
0.339578062
0.339562253
0.339546481
0.339530744
0.339515042
0.339499375
0.339483745
0.339468150
0.339452592
0.339437067
0.339421579
0.339406127
0.339390709
0.339375326
0.339359980
0.339344668
0.339329391
0.339314151
0.339298945
0.339283773
0.339268636
0.339253536
0.339238470
0.339223438
0.339208441
0.339193481
0.339178555
0.339163663
0.339148804
0.339133982
0.339119194
0.339104441
0.339089721
0.339075036
0.339060388
0.339045771
0.339031191
0.339016642
0.339002130
0.338987653
0.338973208
0.338958797
0.338944423
0.338930080
0.338915773
0.338901498
0.338887259
0.338873051
0.338858880
0.338844741
0.338830638
0.338816566
0.338802529
0.338788525
0.338774556
0.338760620
0.338746716
0.338732846
0.338719010
0.338705208
0.338691440
0.338677704
0.338664001
0.338650333
0.338636696
0.338623093
0.338609523
0.338595986
0.338582483
0.338569011
0.338555574
0.338542169
0.338528797
0.338515458
0.338502152
0.338488878
0.338475638
0.338462430
0.338449254
0.338436111
0.338423001
0.338409922
0.338396877
0.338383864
0.338370883
0.338357933
0.338345018
0.338332134
0.338319282
0.338306462
0.338293676
0.338280920
0.338268198
0.338255505
0.338242846
0.338230219
0.338217624
0.338205061
0.338192529
0.338180029
0.338167562
0.338155123
0.338142719
0.338130347
0.338118004
0.338105695
0.338093416
0.338081169
0.338068953
0.338056767
0.338044616
0.338032493
0.338020403
0.338008343
0.337996316
0.337984319
0.337972352
0.337960416
0.337948512
0.337936640
0.337924798
0.337912988
0.337901207
0.337889456
0.337877739
0.337866050
0.337854394
0.337842766
0.337831170
0.337819606
0.337808071
0.337796567
0.337785091
0.337773648
0.337762236
0.337750852
