0.060309804976,
-0.002984850202,
-0.053104899824,
-0.002566630021,
0.001117784646,
0.052221797407,
-0.033375684172,
-0.061432685703,
0.018430735916,
-0.071999393404,
-0.053631331772,
0.041046235710,
0.329027026892,
0.073627062142,
-0.007649637293,
0.250408798456,
0.001465846901,
0.029584877193,
0.088073022664,
-0.012855740264,
-0.056488897651,
-0.008694826625,
-0.056186106056,
0.042017828673,
-0.081848725677,
0.074790731072,
0.059931036085,
0.364316850901,
-0.058975510299,
-0.015826512128,
0.012337684631,
0.113737404346,
0.133419990540,
0.022407080978,
0.035693131387,
0.102913215756,
-0.048302825540,
-0.004756532609,
0.022326555103,
-0.003159437794,
0.031146293506,
0.050125416368,
-0.015506689437,
-0.078422047198,
0.098435983062,
0.105214059353,
0.041158318520,
-0.024527071044,
0.067546233535,
0.124045006931,
0.027595890686,
0.231464982033,
0.030926344916,
0.084559805691,
-0.041247557849,
-0.010520549491,
0.079440012574,
0.008698033169,
0.409467667341,
0.029010003433,
0.039172489196,
-0.065628722310,
-0.012428033166,
0.073036998510,
0.016570335254,
0.039471417665,
-0.031785544008,
0.014071232639,
0.014587552287,
0.017477644607,
0.013726434670,
-0.031519487500,
0.022649159655,
0.062675900757,
0.059006288648,
-0.011350463144,
0.017817161977,
-0.058240622282,
-0.061801027507,
0.015119809657,
-0.027814576402,
-0.101552784443,
0.060668729246,
0.225962609053,
-0.018890643492,
0.117555715144,
0.213307783008,
0.034899637103,
0.057871606201,
0.028313251212,
0.067964948714,
-0.011621381156,
0.083893612027,
0.085831798613,
0.215355366468,
0.202461972833,
0.103364057839,
0.214923799038,
-0.044611617923,
-0.056032881141,
0.029552105814,
0.006612422410,
-0.081777714193,
-0.075997665524,
-0.032951883972,
0.031767364591,
0.033486932516,
-0.026357937604,
0.008496590890,
0.055417761207,
-0.003720739624,
-0.039493937045,
-0.009389095008,
0.186439469457,
0.032243173569,
0.088266141713,
0.034869510680,
-0.013102112338,
-0.004447914660,
0.016247456893,
0.303187876940,
-0.023259751499,
-0.067255668342,
-0.003740531625,
-0.002056997502,
0.009714649059,
0.087593458593,
-0.034406650811,