0.097698748112,
-0.049140874296,
-0.037743967026,
-0.044098179787,
-0.043070077896,
-0.065696172416,
-0.068768315017,
0.144179821014,
-0.053220264614,
-0.065070584416,
0.022340819240,
-0.057097475976,
-0.011068655178,
-0.048466056585,
-0.047254532576,
-0.059795297682,
-0.051308736205,
-0.058149725199,
-0.026258010417,
-0.022271029651,
-0.064415700734,
-0.053705725819,
-0.058379393071,
-0.021426489577,
-0.012229310349,
-0.021259313449,
-0.036287214607,
-0.069485172629,
-0.018957044929,
-0.054214764386,
-0.053081791848,
-0.019406750798,
-0.027597129345,
-0.036222834140,
-0.067729823291,
-0.056156467646,
-0.050302203745,
-0.047510605305,
-0.020359592512,
-0.027281623334,
-0.001938525238,
-0.003587430110,
-0.080078229308,
-0.020976716653,
-0.040140997618,
-0.055338986218,
-0.051835265011,
-0.047547232360,
-0.033854424953,
-0.018643919379,
-0.016851469874,
-0.081108294427,
-0.059008348733,
-0.011583811603,
-0.029681595042,
-0.049241095781,
-0.038668818772,
-0.051540222019,
-0.064501769841,
-0.038454331458,
-0.030892852694,
-0.026129486039,
-0.055367168039,
-0.056046560407,