0.075421087444,
0.063533678651,
0.091557495296,
0.108115613461,
-0.030579684302,
-0.031422816217,
0.098816499114,
0.081658430398,
0.107627488673,
-0.088640630245,
0.106971509755,
0.048631396145,
-0.082181386650,
-0.078063279390,
-0.043618347496,
-0.015851831064,
0.004189862870,
-0.000784564414,
-0.153083562851,
0.096582934260,
-0.056170433760,
0.052988167852,
-0.069111965597,
-0.016538133845,
-0.062093742192,
0.038681063801,
0.002521044109,
0.198875412345,
0.059369590133,
0.033935263753,
0.059384692460,
-0.016328135505,
-0.040922399610,
-0.031281344593,
-0.016569055617,
0.020605426282,
-0.081284746528,
0.028331078589,
-0.014657523483,
0.064483098686,
-0.045890979469,
0.026671029627,
-0.076960675418,
-0.052930008620,
0.107382819057,
0.010377141647,
0.065652437508,
-0.093274295330,
0.068594515324,
0.071824930608,
-0.097158394754,
-0.169214397669,
-0.102095216513,
0.007799087092,
0.087115228176,
-0.093358762562,
-0.119959287345,
0.046102061868,
0.210929647088,
-0.033139787614,
-0.112500622869,
0.035282064229,
0.041607771069,
-0.071833856404,
-0.065024040639,
-0.012596797198,
-0.058698289096,
-0.022468224168,
0.047303818166,
0.034504573792,
0.017721479759,
-0.057463556528,
0.085551463068,
0.046353008598,
-0.002120568417,
-0.038883909583,
0.115147061646,
-0.058371353894,
-0.056091949344,
-0.056970305741,
-0.047990474850,
-0.044441357255,
0.068165399134,
0.090175144374,
0.103550493717,
0.091646224260,
-0.088164977729,
0.117745488882,
0.007884836756,
-0.050676170737,
0.000807719305,
-0.039653442800,
-0.038083083928,
-0.010395560414,
-0.079201959074,
-0.140547588468,
0.006186131854,
-0.168348759413,
0.046240098774,
-0.061750691384,
0.017312385142,
0.096424721181,
-0.071233361959,
0.049728207290,
0.083668269217,
0.112380005419,
0.064276032150,
-0.047610357404,
0.042128838599,
-0.056680683047,
0.093136258423,
-0.069400504231,
-0.078225336969,
0.096847712994,
0.007899520919,
0.056502103806,
-0.122361123562,
-0.048858720809,
-0.042564809322,
-0.081707403064,
-0.065095201135,
0.053271103650,
-0.084750995040,
-0.088388420641,
0.000520493544,
-0.057337921113,
-0.061949491501,
0.057417869568,