0.122861675918,
-0.038216907531,
-0.027379596606,
-0.029676172882,
-0.049376394600,
-0.068698905408,
-0.076430462301,
0.178958222270,
-0.056641839445,
-0.053993973881,
0.046204868704,
-0.055891513824,
0.000473555934,
-0.050603572279,
-0.043018169701,
-0.053557794541,
-0.049019560218,
-0.061695747077,
-0.020283374935,
-0.014208198525,
-0.068478114903,
-0.036550454795,
-0.051935378462,
-0.011845796369,
-0.002304408932,
-0.016669994220,
-0.034079827368,
-0.070005200803,
-0.009219272062,
-0.058948006481,
-0.065314181149,
-0.004338129424,
-0.005452864338,
-0.030621882528,
-0.068782418966,
-0.064322292805,
-0.057269342244,
-0.045761931688,
-0.013288963586,
-0.026959374547,
0.021246748045,
0.017556970939,
-0.085651375353,
-0.015309047885,
-0.039423190057,
-0.061563715339,
-0.047434572130,
-0.047770105302,
-0.019915407524,
0.004510710947,
0.005220320076,
-0.081363283098,
-0.057910323143,
-0.008868842386,
-0.020129226148,
-0.043746910989,
-0.039457254112,
-0.056095778942,
-0.073540978134,
-0.036382570863,
-0.022966917604,
-0.000715512433,
-0.062101542950,
-0.055574204773,