0.016346003860,
0.004547818098,
-0.013598453254,
0.005737917498,
0.013137642294,
-0.007580873556,
-0.003985132091,
-0.003624669742,
-0.015622000210,
0.015302419662,
-0.009140505455,
0.025343362242,
0.001438156003,
-0.005321207456,
-0.004510943778,
0.005962254480,
-0.003767462913,
0.019893186167,
0.007814955898,
0.026519285515,
-0.000850229524,
0.007921714336,
0.025269519538,
0.008621449582,
0.017454087734,
0.017752211541,
-0.008750797249,
0.020279336721,
-0.011424451135,
-0.015309890732,
-0.011753661558,
-0.002898389241,
-0.002384314779,
0.010005003773,
-0.011524287052,
0.009264068678,
-0.015941189602,
-0.016783829778,
-0.001102904091,
-0.008831673302,
-0.003353845794,
-0.010420896113,
-0.007148543838,
-0.018027860671,
-0.008030655794,
-0.014013933949,
-0.008909263648,
-0.004600032698,
0.004356885329,
-0.011900378391,
-0.010455432348,
-0.011845039204,
-0.003762394423,
0.011285512708,
-0.018549052998,
0.002406216459,
0.001117371605,
-0.023544603959,
-0.013181300834,
-0.002632586053,
-0.013974389993,
0.001678369008,
-0.022606413811,
0.013455368578,