0.056945007294,
-0.003174811834,
-0.053155172616,
-0.008979109116,
-0.003187231254,
0.055842928588,
-0.026603948325,
-0.059737619013,
0.020803963766,
-0.066974647343,
-0.054864682257,
0.040968049318,
0.038685716689,
0.073529750109,
-0.013151830994,
0.247119650245,
-0.001278340118,
0.031104713678,
0.092621877789,
-0.000082275837,
-0.064428105950,
-0.011749253608,
-0.066777363420,
0.038422949612,
-0.072617508471,
0.079963095486,
0.052328154445,
0.394581168890,
-0.065859600902,
-0.011308141984,
0.012395105325,
0.106588080525,
0.121401973069,
0.030297948048,
0.034568458796,
0.098880879581,
-0.049437332898,
-0.010129353963,
0.025430053473,
-0.008438213728,
0.023313837126,
0.043793175370,
-0.020004983991,
-0.071749664843,
0.110288962722,
0.120780378580,
0.042289428413,
-0.025482915342,
0.063690192997,
0.111472435296,
0.021540356800,
0.241427391768,
0.027712212875,
0.083150997758,
-0.039826851338,
-0.011066921987,
0.067567147315,
0.005677189678,
0.417238771915,
0.034261643887,
0.048915706575,
-0.053372856230,
-0.014820789918,
0.066871337593,
0.019124729559,
0.032217361033,
-0.041669547558,
0.008928047493,
0.014626718126,
0.015331659466,
0.003999835346,
-0.029635174200,
0.020899625495,
0.045026276261,
0.061136614531,
-0.009524506517,
0.018516527489,
-0.061941277236,
-0.059290949255,
0.013325193897,
-0.024074537680,
-0.101302288473,
0.057404354215,
0.098115637898,
-0.022665105760,
-0.076386943460,
0.061604015529,
0.038581281900,
0.056789245456,
0.035456411541,
0.063230246305,
-0.008068921976,
0.087367609143,
0.087115436792,
0.108071967959,
0.213341668248,
0.087212868035,
0.191711783409,
-0.051217980683,
-0.068836010993,
0.031501352787,
0.002110764384,
-0.088595367968,
-0.082041285932,
-0.036668464541,
0.021858945489,
0.044732272625,
-0.026612086222,
0.013230159879,
0.050440233201,
-0.011906326748,
-0.041212886572,
-0.010480844416,
-0.102559648454,
0.046140655875,
0.082422234118,
0.032982554287,
-0.015891384333,
-0.009020604193,
0.012640379369,
0.365982443094,
-0.016337830573,
-0.067155666649,
-0.004674529191,
-0.016613204032,
-0.005783581175,
0.100098446012,
-0.039577644318,