0.770837962627,
0.980488955975,
0.960037589073,
0.962628543377,
0.943257153034,
0.941134452820,
0.933394670486,
0.728628635406,
0.952091276646,
0.964669585228,
0.906836926937,
0.922523438931,
0.937283217907,
0.963590919971,
0.963792562485,
0.974573075771,
0.990309357643,
0.952590942383,
0.924578249454,
0.887012064457,
0.974615573883,
0.974574089050,
0.869240045547,
0.903836369514,
0.932238876820,
0.963317573071,
0.899998247623,
0.937636494637,
0.929255008698,
0.946321427822,
0.968265116215,
0.925105154514,
0.939117848873,
0.950820386410,
0.954214870930,
0.955720663071,
0.938951551914,
0.925788938999,
0.944088339806,
0.935063660145,
0.802939951420,
0.890028059483,
0.969154238701,
0.927402734756,
0.942203819752,
0.915595829487,
0.941565871239,
0.955940306187,
0.962609648705,
0.966797709465,
0.892196118832,
0.909574925900,
0.961952209473,
0.922043979168,
0.942604780197,
0.978206515312,
1.012815356255,
0.948567211628,
0.938559472561,
0.947044432163,
0.934217810631,
0.904756546021,
0.947004139423,
0.952957391739,