0.848359763622,
1.013799905777,
0.987157821655,
0.986269176006,
1.006208181381,
0.945422589779,
1.001013278961,
0.993886291981,
0.989311039448,
0.983251631260,
0.990882933140,
1.030420780182,
1.184859275818,
0.862108230591,
1.007953286171,
0.348492592573,
0.954459130764,
0.963767051697,
0.976752519608,
0.998773694038,
0.992689549923,
1.001015186310,
1.003486752510,
0.977428913116,
0.995890438557,
0.972219645977,
0.970209479332,
0.870781302452,
0.998786926270,
0.994078755379,
0.962554812431,
0.944068789482,
0.782529592514,
0.929225742817,
0.998574554920,
0.763743638992,
1.000729680061,
0.976564824581,
0.982285141945,
1.014680504799,
1.015668034554,
0.964948594570,
0.959286332130,
1.003317236900,
0.920119881630,
0.923826217651,
0.858754992485,
0.972790002823,
0.900839686394,
1.136501789093,
0.959304511547,
0.871611237526,
0.971671998501,
0.917768478394,
0.987504541874,
0.990611016750,
0.927858650684,
1.001875400543,
0.733125448227,
0.935437798500,
0.942014515400,
0.990831971169,
0.993982911110,
0.830102980137,
1.048592567444,
0.978829741478,
0.984139204025,
0.996776878834,
1.010251045227,
0.986755490303,
0.998420178890,
0.985954284668,
0.940709531307,
0.985212862492,
0.958966016769,
1.012124419212,
0.993298828602,
0.981065332890,
0.978786826134,
1.031755089760,
0.991214275360,
0.986037433147,
0.839424192905,
1.151765584946,
0.975234031677,
1.149466037750,
1.143988251686,
0.964807212353,
0.888225615025,
0.993152856827,
0.930130898952,
0.991948723793,
0.811753213406,
0.953570842743,
1.189346313477,
0.725192248821,
0.954976975918,
0.920275449753,
0.989212274551,
0.995599627495,
0.980802178383,
0.968382358551,
0.953004896641,
0.997711658478,
0.979124665260,
0.979609608650,
1.059951543808,
0.987811923027,
0.917342543602,
0.932924807072,
0.977216184139,
0.989785075188,
1.012377381325,
1.146870732307,
0.999535679817,
0.961438417435,
0.972584187984,
0.979212403297,
0.974926412106,
0.923334121704,
0.415290623903,
1.001644015312,
0.965609669685,
0.937643170357,
0.984786689281,
1.012748599052,
0.979423880577,
0.994893014431,