0.0165826
0.544199
0.525473
0.142169
0.678069
0.399921
0.196344
0.606749
0.300742
0.306552
0.567766
0.228693
0.396242
0.499954
0.220176
0.455304
0.423848
0.241062
0.484808
0.367858
0.289995
0.482204
0.324806
0.338274
0.458616
0.30229
0.380659
0.425627
0.299729
0.407834
0.392493
0.312275
0.41966
0.365345
0.332903
0.418081
0.346679
0.354771
0.40761
0.337578
0.373004
0.392971
0.337061
0.384914
0.378147
0.342803
0.390012
0.365822
0.351807
0.389313
0.35744
0.361282
0.384668
0.353366
0.369157
0.378099
0.353087
0.374302
0.371355
0.355525
0.376475
0.365682
0.359377
0.37609
0.361769
0.363436
0.373926
0.359786
0.366805
0.370862
0.359504
0.368982
0.367684
0.360439
0.369845
0.364965
0.362014
0.369559
0.36303
0.363695
0.36846
0.361965
0.365079
0.366937
0.361674
0.365937
0.365345
0.361941
0.366205
0.36395
0.362508
0.365948
0.362907
0.363133
0.365314
0.362262
0.363631
0.364477
0.361973
0.363893
0.3636
0.361947
0.363887
0.362808
0.362065
0.363637
0.362176
0.362216
0.36321
0.361729
0.362313
0.362683
0.361449
0.362304
0.362135
0.361295
0.36217
0.361623
0.361213
0.361921
0.361185
0.361149
0.361587
0.360835
0.361063
0.361205
0.360565
0.360928
0.360811
0.360357
0.360735
0.360433
0.360185
0.360487
0.36009
0.360024
0.360198
0.359789
0.359854
0.359885
0.359528
0.359661
0.359565
0.359298
0.359442
0.359253
0.359087
0.359195
0.358959
0.358882
0.358929
0.358685
0.358675
0.358651
0.358432
0.358457
0.35837
0.358194
0.358226
0.358092
0.357967
0.357982
0.357824
0.357744
0.357729
0.357566
0.35752
0.35747
0.357319
0.357292
0.35721
0.357081
0.357058
0.356951
0.356849
0.356818
0.356698
0.356619
0.356573
0.356451
0.35639
0.356326
0.35621
0.356158
0.356078
0.355974
0.355925
0.355832
0.355741
0.355688
0.355589
0.355511
0.35545
0.35535
0.355281
0.355211
0.355113
0.35505
0.354972
0.354881
0.354819
0.354734
0.35465
0.354586
0.354498
0.354421
0.354354
0.354265
0.354193
0.354121
0.354034
0.353965
0.353889
0.353805
0.353737
0.353657
0.353578
0.353509
0.353428
0.353352
0.353281
0.3532
0.353127
0.353054
0.352973
0.352902
0.352827
0.352749
0.352678
0.352602
0.352525
0.352455
0.352377
0.352303
0.352232
0.352154
0.352082
0.352009
0.351932
0.351861
0.351787
0.351712
0.351641
0.351567
0.351493
0.351422
0.351347
0.351274
0.351203
0.351129
0.351057
0.350985
0.350911
0.350841
0.350768
0.350695
0.350625
0.350552
0.35048
0.35041
0.350337
0.350266
0.350196
0.350123
0.350053
0.349982
0.34991
0.34984
0.34977
0.349698
0.349629
0.349558
0.349488
0.349418
0.349348
0.349278
0.349208
0.349138
0.349068
0.348999
0.348929
0.34886
0.348791
0.348721
0.348653
0.348584
0.348515
0.348446
0.348377
0.348309
0.348241
0.348172
0.348104
0.348036
0.347968
0.3479
0.347832
0.347764
0.347697
0.347629
0.347561
0.347494
0.347427
0.34736
0.347293
0.347225
0.347159
0.347092
0.347025
0.346959
0.346892
0.346826
0.34676
0.346693
0.346627
0.346561
0.346495
0.34643
0.346364
0.346298
0.346233
0.346167
0.346102
0.346037
0.345972
0.345907
0.345842
0.345777
0.345712
0.345647
0.345583
0.345518
0.345454
0.34539
0.345326
0.345261
0.345198
0.345134
0.34507
0.345006
0.344943
0.344879
0.344815
0.344752
0.344689
0.344626
0.344563
0.3445
0.344437
0.344374
0.344311
0.344249
0.344186
0.344124
0.344062
0.344
0.343937
0.343875
0.343813
0.343751
0.34369
0.343628
0.343567
0.343505
0.343444
0.343382
0.343321
0.34326
0.343199
0.343138
0.343077
0.343016
0.342956
0.342895
0.342835
0.342774
0.342714
0.342654
0.342594
0.342534
0.342474
0.342414
0.342354
0.342294
0.342235
0.342175
0.342116
0.342057
0.341997
0.341938
0.341879
0.34182
0.341761
0.341703
0.341644
0.341585
0.341527
0.341468
0.34141
0.341352
0.341294
0.341235
0.341178
0.34112
0.341062
0.341004
0.340946
0.340889
0.340831
0.340774
0.340717
0.340659
0.340602
0.340545
0.340488
0.340431
0.340375
0.340318
0.340261
0.340205
0.340148
0.340092
0.340036
0.33998
0.339924
0.339867
0.339812
0.339756
0.3397
0.339644
0.339589
0.339533
0.339478
0.339422
0.339367
0.339312
0.339257
0.339202
0.339147
0.339092
0.339037
0.338983
0.338928
0.338873
0.338819
0.338765
0.338711
0.338656
0.338602
0.338548
0.338494
0.338441
0.338387
0.338333
0.33828
0.338226
0.338172
0.338119
0.338066
0.338013
0.33796
0.337906
0.337854
0.337801
0.337748
0.337695
0.337643
0.33759
0.337538
0.337485
0.337433
0.337381
0.337329
0.337277
0.337225
0.337173
0.337121
0.337069
0.337017
0.336966
0.336914
0.336863
0.336812
0.33676
0.336709
0.336658
0.336607
0.336556
0.336505
0.336454
0.336404
0.336353
0.336303
0.336252
0.336202
0.336151
0.336101
0.336051
0.336001
0.335951
0.335901
0.335851
0.335801
0.335751
0.335702
0.335652
0.335603
0.335553
0.335504
0.335455
0.335406
0.335357
0.335308
0.335259
0.33521
0.335161
0.335112
0.335064
0.335015
0.334967
0.334918
0.33487
0.334822
0.334774
0.334725
0.334677
0.334629
0.334581
0.334534
0.334486
0.334438
0.334391
0.334343
0.334296
0.334248
0.334201
0.334154
0.334107
0.33406
0.334013
0.333966
0.333919
0.333872
0.333825
0.333779
0.333732
0.333686
0.333639
0.333593
0.333547
0.333501
0.333454
0.333408
0.333362
0.333317
0.333271
0.333225
0.333179
0.333134
0.333088
0.333043
0.332997
0.332952
0.332907
0.332861
0.332816
0.332771
0.332726
0.332681
0.332637
0.332592
0.332547
0.332503
0.332458
0.332414
0.332369
0.332325
0.332281
0.332236
0.332192
0.332148
0.332104
0.33206
0.332016
0.331973
0.331929
0.331885
0.331842
0.331798
0.331755
0.331712
0.331668
0.331625
0.331582
0.331539
0.331496
0.331453
0.33141
0.331367
0.331324
0.331282
0.331239
0.331196
0.331154
0.331112
0.331069
0.331027
0.330985
0.330943
0.330901
0.330859
0.330817
0.330775
0.330733
0.330691
0.330649
0.330608
0.330566
0.330525
0.330484
0.330442
0.330401
0.33036
0.330319
0.330278
0.330237
0.330196
0.330155
0.330114
0.330073
0.330033
0.329992
0.329951
0.329911
0.32987
0.32983
0.32979
0.32975
0.329709
0.329669
0.329629
0.329589
0.329549
0.32951
0.32947
0.32943
0.329391
0.329351
0.329312
0.329272
0.329233
0.329193
0.329154
0.329115
0.329076
0.329037
0.328998
0.328959
0.32892
0.328881
0.328842
0.328804
0.328765
0.328726
0.328688
0.328649
0.328611
0.328573
0.328534
0.328496
0.328458
0.32842
0.328382
0.328344
0.328306
0.328268
0.328231
0.328193
0.328155
0.328118
0.32808
0.328043
0.328005
0.327968
0.327931
0.327894
0.327857
0.327819
0.327782
0.327746
0.327709
0.327672
0.327635
0.327598
0.327562
0.327525
0.327488
0.327452
0.327415
0.327379
0.327343
0.327307
0.32727
0.327234
0.327198
0.327162
0.327126
0.32709
0.327055
0.327019
0.326983
0.326948
0.326912
0.326876
0.326841
0.326806
0.32677
0.326735
0.3267
0.326665
0.326629
0.326594
0.326559
0.326524
0.326489
0.326455
0.32642
0.326385
0.32635
0.326316
0.326281
0.326247
0.326212
0.326178
0.326144
0.326109
0.326075
0.326041
0.326007
0.325973
0.325939
0.325905
0.325871
0.325837
0.325804
0.32577
0.325736
0.325703
0.325669
0.325636
0.325602
0.325569
0.325536
0.325503
0.325469
0.325436
0.325403
0.32537
0.325337
0.325304
0.325271
0.325238
0.325206
0.325173
0.325141
0.325108
0.325075
0.325043
0.32501
0.324978
0.324946
0.324914
0.324881
0.324849
0.324817
0.324785
0.324753
0.324721
0.324689
0.324657
0.324626
0.324594
0.324562
0.324531
0.324499
0.324468
0.324436
0.324405
0.324374
0.324342
0.324311
0.32428
0.324249
0.324218
0.324187
0.324156
0.324125
0.324094
0.324063
0.324032
0.324002
0.323971
0.32394
0.32391
0.323879
0.323849
0.323819
0.323788
0.323758
0.323728
0.323697
0.323667
0.323637
0.323607
0.323577
0.323547
0.323518
0.323488
0.323458
0.323428
0.323398
0.323369
0.323339
0.32331
0.32328
0.323251
0.323222
0.323192
0.323163
0.323134
0.323105
0.323075
0.323046
0.323018
0.322988
0.32296
0.322931
0.322902
0.322873
0.322844
0.322816
0.322787
0.322758
0.32273
0.322702
0.322673
0.322645
0.322617
0.322588
0.32256
0.322532
0.322504
0.322476
0.322448
0.32242
0.322392
0.322364
0.322336
0.322308
0.322281
0.322253
0.322225
0.322198
0.32217
0.322143
0.322115
0.322088
0.32206
0.322033
0.322006
0.321979
0.321952
0.321924
0.321897
0.32187
0.321843
0.321817
0.32179
0.321763
0.321736
0.321709
0.321683
0.321656
0.32163
0.321603
0.321576
0.32155
0.321524
0.321497
0.321471
0.321445
0.321419
0.321392
0.321366
0.32134
0.321314
0.321288
0.321262
0.321236
0.321211
0.321185
0.321159
0.321133
0.321108
0.321082
0.321056
0.321031
0.321006
0.32098
0.320955
0.320929
0.320904
0.320879
0.320854
0.320828
0.320803
0.320778
0.320753
0.320728
0.320703
0.320679
0.320654
0.320629
0.320604
0.32058
0.320555
0.32053
0.320506
0.320481
0.320457
0.320432
0.320408
0.320383
0.320359
0.320335
0.320311
0.320286
0.320262
0.320238
0.320214
0.32019
0.320166
0.320142
0.320118
0.320095
0.320071
0.320047
0.320024
0.32
0.319976
0.319953
0.319929
0.319906
0.319882
0.319859
0.319835
0.319812
0.319789
0.319766
0.319743
0.319719
0.319696
0.319673
0.31965
0.319627
0.319604
0.319581
0.319559
0.319536
0.319513
0.31949
0.319468
0.319445
0.319423
0.3194
0.319377
0.319355
0.319333
0.31931
0.319288
0.319266
0.319243
0.319221
0.319199
0.319177
0.319155
0.319133
0.319111
0.319089
0.319067
0.319045
0.319023
0.319001
0.31898
0.318958
0.318936
0.318915
0.318893
0.318871
0.31885
0.318828
0.318807
0.318785
0.318764
0.318743
0.318722
0.3187
0.318679
0.318658
0.318637
0.318616
0.318595
0.318574
0.318553
0.318532
0.318511
0.31849
0.318469
0.318448
0.318428
0.318407
0.318387
0.318366
0.318345
0.318325
0.318305
0.318284
0.318264
0.318243
0.318223
0.318203
0.318183
0.318162
0.318142
0.318122
0.318102
0.318082
0.318062
0.318042
0.318022
0.318002
0.317982
0.317962
0.317942
0.317923
0.317903
0.317883
0.317864
0.317844
0.317825
0.317805
0.317786
0.317766
0.317747
0.317727
0.317708
0.317689
0.31767
0.31765
0.317631
0.317612
0.317593
0.317574
0.317555
0.317536
0.317517
0.317498
0.317479
0.31746
0.317441
0.317423
0.317404
0.317385
0.317367
0.317348
0.317329
0.317311
0.317292
0.317274
0.317255
0.317237
0.317219
0.3172
0.317182
0.317164
0.317146
0.317128
0.317109
0.317091
0.317073
0.317055
0.317037
0.317019
0.317001
0.316983
0.316966
0.316948
0.31693
0.316912
0.316894
0.316877
0.316859
0.316842
0.316824
0.316806
0.316789
0.316772
0.316754
0.316737
0.316719
0.316702
0.316685
0.316667
0.31665
0.316633
0.316616
0.316599
0.316582
0.316565
0.316548
0.316531
0.316514
0.316497
0.31648
0.316463
0.316446
0.31643
0.316413
0.316396
0.316379
0.316363
0.316346
0.31633
0.316313
0.316297
0.31628
0.316264
0.316247
0.316231
0.316215
0.316198
0.316182
0.316166
0.31615
0.316134
0.316118
0.316101
0.316085
0.316069
0.316053
0.316037
0.316022
0.316006
0.31599
0.315974
0.315958
0.315942
0.315927
0.315911
0.315895
0.31588
0.315864
0.315849
0.315833
0.315818
0.315802
0.315787
0.315771
0.315756
0.315741
0.315725
0.31571
0.315695
0.31568
0.315665
0.31565
0.315634
0.315619
0.315604
0.315589
0.315574
0.315559
0.315544
0.31553
0.315515
0.3155
0.315485
0.31547
0.315456
0.315441
0.315426
0.315412
0.315397
0.315383
0.315368
0.315354
0.315339
0.315325
0.31531
0.315296
0.315282
0.315267
0.315253
0.315239
0.315225
0.315211
0.315197
0.315182
0.315168
0.315154
0.31514
0.315126
0.315112
0.315098
0.315084
0.315071
0.315057
0.315043
0.315029
0.315015
0.315002
0.314988
0.314974
0.314961
0.314947
0.314934
0.31492
0.314907
0.314893
0.31488
0.314866
0.314853
0.31484
0.314826
0.314813
0.3148
0.314787
0.314773
0.31476
0.314747
0.314734
0.314721
0.314708
0.314695
0.314682
0.314669
0.314656
0.314643
0.31463
0.314617
0.314605
0.314592
0.314579
0.314566
0.314554
0.314541
0.314528
0.314516
0.314503
0.31449
0.314478
0.314466
0.314453
0.314441
0.314428
0.314416
0.314404
0.314391
0.314379
0.314367
0.314355
0.314342
0.31433
0.314318
0.314306
0.314294
0.314282
0.31427
0.314258
0.314246
0.314234
0.314222
0.31421
0.314198
0.314186
0.314175
0.314163
0.314151
0.314139
0.314128
0.314116
0.314104
0.314093
0.314081
0.31407
0.314058
0.314047
0.314035
0.314024
0.314012
0.314001
0.31399
0.313978
0.313967
0.313956
0.313945
0.313933
0.313922
0.313911
0.3139
0.313889
0.313878
0.313867
0.313856
0.313845
0.313834
0.313823
0.313812
0.313801
0.31379
0.313779
0.313769
0.313758
0.313747
0.313736
0.313726
0.313715
0.313704
0.313694
0.313683
0.313672
0.313662
0.313651
0.313641
0.313631
0.31362
0.31361
0.313599
0.313589
0.313579
0.313568
0.313558
0.313548
0.313538
0.313527
0.313517
0.313507
0.313497
0.313487
0.313477
0.313467
0.313457
0.313447
0.313437
0.313427
0.313417
0.313407
0.313397
0.313387
0.313378
0.313368
