0
0.486831
0.537435
0.173748
0.641431
0.414813
0.233137
0.603803
0.330917
0.309443
0.562755
0.27039
0.39018
0.507999
0.266106
0.444405
0.440566
0.281301
0.474829
0.391644
0.318746
0.47508
0.353655
0.354793
0.456861
0.334847
0.387779
0.430859
0.332308
0.409502
0.404549
0.341218
0.419373
0.383024
0.355889
0.418631
0.368417
0.37137
0.411013
0.36138
0.384211
0.400249
0.360749
0.392481
0.389415
0.364512
0.39586
0.380527
0.370393
0.395152
0.374584
0.376438
0.391756
0.371707
0.381276
0.387143
0.371385
0.384229
0.382536
0.372764
0.385221
0.378751
0.374929
0.384604
0.376177
0.377101
0.382942
0.374843
0.378754
0.38082
0.374523
0.379637
0.378725
0.374864
0.379739
0.376978
0.375497
0.379209
0.375728
0.376114
0.378276
0.374976
0.376513
0.377174
0.374626
0.376601
0.376096
0.374532
0.37638
0.375165
0.374548
0.375914
0.374438
0.374551
0.375294
0.373912
0.374465
0.374615
0.373544
0.374256
0.373952
0.373277
0.373926
0.373352
0.373052
0.373502
0.372837
0.372821
0.373022
0.372403
0.372554
0.372523
0.372033
0.37224
0.372034
0.371703
0.37188
0.371574
0.37139
0.371486
0.371149
0.371075
0.371073
0.370758
0.370748
0.370655
0.370394
0.370403
0.370245
0.370047
0.370042
0.369847
0.369708
0.369671
0.369466
0.369369
0.369294
0.3691
0.369027
0.368917
0.368747
0.36868
0.368546
0.368401
0.368329
0.368182
0.36806
0.367975
0.367826
0.367721
0.367622
0.367478
0.367383
0.36727
0.367137
0.367044
0.366923
0.366801
0.366705
0.36658
0.366468
0.366367
0.366243
0.366137
0.366031
0.36591
0.365808
0.365698
0.365582
0.365481
0.365369
0.365257
0.365156
0.365043
0.364936
0.364832
0.364721
0.364616
0.364512
0.364402
0.3643
0.364194
0.364087
0.363985
0.363879
0.363775
0.363673
0.363568
0.363465
0.363364
0.36326
0.363159
0.363057
0.362954
0.362854
0.362753
0.362652
0.362553
0.362452
0.362352
0.362254
0.362154
0.362056
0.361957
0.361859
0.361761
0.361664
0.361566
0.36147
0.361373
0.361276
0.361181
0.361085
0.360989
0.360894
0.360799
0.360705
0.360611
0.360516
0.360423
0.360329
0.360236
0.360143
0.360051
0.359958
0.359867
0.359775
0.359683
0.359592
0.359501
0.359411
0.359321
0.35923
0.359141
0.359051
0.358962
0.358873
0.358785
0.358696
0.358608
0.35852
0.358433
0.358346
0.358259
0.358172
0.358085
0.357999
0.357913
0.357828
0.357742
0.357657
0.357572
0.357488
0.357404
0.35732
0.357236
0.357152
0.357069
0.356986
0.356903
0.356821
0.356739
0.356657
0.356575
0.356494
0.356413
0.356332
0.356251
0.356171
0.35609
0.356011
0.355931
0.355852
0.355772
0.355693
0.355615
0.355536
0.355458
0.35538
0.355303
0.355225
0.355148
0.355071
0.354995
0.354918
0.354842
0.354766
0.354691
0.354615
0.35454
0.354465
0.35439
0.354316
0.354241
0.354167
0.354094
0.35402
0.353947
0.353874
0.353801
0.353728
0.353656
0.353584
0.353512
0.35344
0.353369
0.353298
0.353227
0.353156
0.353086
0.353015
0.352945
0.352875
0.352806
0.352737
0.352667
0.352598
0.35253
0.352461
0.352393
0.352325
0.352257
0.35219
0.352122
0.352055
0.351988
0.351922
0.351855
0.351789
0.351723
0.351657
0.351591
0.351526
0.351461
0.351396
0.351331
0.351267
0.351202
0.351138
0.351074
0.35101
0.350947
0.350884
0.350821
0.350758
0.350695
0.350633
0.35057
0.350508
0.350447
0.350385
0.350324
0.350262
0.350201
0.350141
0.35008
0.350019
0.349959
0.349899
0.349839
0.34978
0.349721
0.349661
0.349602
0.349544
0.349485
0.349427
0.349368
0.34931
0.349252
0.349195
0.349137
0.34908
0.349023
0.348966
0.34891
0.348853
0.348797
0.348741
0.348685
0.348629
0.348574
0.348518
0.348463
0.348408
0.348354
0.348299
0.348245
0.34819
0.348136
0.348082
0.348029
0.347975
0.347922
0.347869
0.347816
0.347763
0.347711
0.347658
0.347606
0.347554
0.347502
0.347451
0.347399
0.347348
0.347297
0.347246
0.347195
0.347144
0.347094
0.347044
0.346994
0.346944
0.346894
0.346844
0.346795
0.346746
0.346697
0.346648
0.346599
0.346551
0.346502
0.346454
0.346406
0.346358
0.34631
0.346263
0.346216
0.346168
0.346121
0.346075
0.346028
0.345981
0.345935
0.345889
0.345843
0.345797
0.345751
0.345706
0.34566
0.345615
0.34557
0.345525
0.34548
0.345436
0.345391
0.345347
0.345303
0.345259
0.345215
0.345172
0.345128
0.345085
0.345041
0.344999
0.344956
0.344913
0.34487
0.344828
0.344786
0.344744
0.344702
0.34466
0.344618
0.344577
0.344535
0.344494
0.344453
0.344412
0.344371
0.344331
0.34429
0.34425
0.34421
0.34417
0.34413
0.34409
0.344051
0.344011
0.343972
0.343933
0.343894
0.343855
0.343817
0.343778
0.34374
0.343701
0.343663
0.343625
0.343587
0.34355
0.343512
0.343475
0.343437
0.3434
0.343363
0.343326
0.343289
0.343253
0.343216
0.34318
0.343144
0.343108
0.343072
0.343036
0.343
0.342965
0.34293
0.342894
0.342859
0.342824
0.342789
0.342755
0.34272
0.342686
0.342651
0.342617
0.342583
0.342549
0.342515
0.342482
0.342448
0.342415
0.342381
0.342348
0.342315
0.342282
0.342249
0.342217
0.342184
0.342152
0.342119
0.342087
0.342055
0.342023
0.341992
0.34196
0.341928
0.341897
0.341866
0.341835
0.341803
0.341772
0.341742
0.341711
0.34168
0.34165
0.34162
0.341589
0.341559
0.341529
0.3415
0.34147
0.34144
0.341411
0.341381
0.341352
0.341323
0.341294
0.341265
0.341236
0.341207
0.341179
0.34115
0.341122
0.341094
0.341066
0.341038
0.34101
0.340982
0.340954
0.340927
0.340899
0.340872
0.340845
0.340818
0.340791
0.340764
0.340737
0.34071
0.340684
0.340657
0.340631
0.340605
0.340579
0.340553
0.340527
0.340501
0.340475
0.34045
0.340424
0.340399
0.340373
0.340348
0.340323
0.340298
0.340273
0.340249
0.340224
0.340199
0.340175
0.340151
0.340126
0.340102
0.340078
0.340054
0.34003
0.340007
0.339983
0.33996
0.339936
0.339913
0.33989
0.339866
0.339843
0.339821
0.339798
0.339775
0.339752
0.33973
0.339707
0.339685
0.339663
0.339641
0.339618
0.339596
0.339575
0.339553
0.339531
0.33951
0.339488
0.339467
0.339445
0.339424
0.339403
0.339382
0.339361
0.33934
0.339319
0.339299
0.339278
0.339258
0.339237
0.339217
0.339197
0.339177
0.339157
0.339137
0.339117
0.339097
0.339078
0.339058
0.339039
0.339019
0.339
0.338981
0.338962
0.338943
0.338924
0.338905
0.338886
0.338867
0.338849
0.33883
0.338812
0.338793
0.338775
0.338757
0.338739
0.338721
0.338703
0.338685
0.338667
0.33865
0.338632
0.338614
0.338597
0.33858
0.338562
0.338545
0.338528
0.338511
0.338494
0.338477
0.33846
0.338444
0.338427
0.338411
0.338394
0.338378
0.338361
0.338345
0.338329
0.338313
0.338297
0.338281
0.338265
0.33825
0.338234
0.338218
0.338203
0.338187
0.338172
0.338157
0.338142
0.338126
0.338111
0.338096
0.338081
0.338067
0.338052
0.338037
0.338022
0.338008
0.337994
0.337979
0.337965
0.337951
0.337936
0.337922
0.337908
0.337894
0.33788
0.337867
0.337853
0.337839
0.337826
0.337812
0.337799
0.337785
0.337772
0.337759
0.337745
0.337732
0.337719
0.337706
0.337693
0.337681
0.337668
0.337655
0.337642
0.33763
0.337617
0.337605
0.337593
0.33758
0.337568
0.337556
0.337544
0.337532
0.33752
0.337508
0.337496
0.337485
0.337473
0.337461
0.33745
0.337438
0.337427
0.337415
0.337404
0.337393
0.337382
0.337371
0.337359
0.337348
0.337338
0.337327
0.337316
0.337305
0.337294
0.337284
0.337273
0.337263
0.337252
0.337242
0.337232
0.337222
0.337211
0.337201
0.337191
0.337181
0.337171
0.337161
0.337152
0.337142
0.337132
0.337122
0.337113
0.337103
0.337094
0.337084
0.337075
0.337066
0.337057
0.337047
0.337038
0.337029
0.33702
0.337011
0.337002
0.336994
0.336985
0.336976
0.336967
0.336959
0.33695
0.336942
0.336933
0.336925
0.336917
0.336908
0.3369
0.336892
0.336884
0.336876
0.336868
0.33686
0.336852
0.336844
0.336836
0.336829
0.336821
0.336813
0.336806
0.336798
0.336791
0.336783
0.336776
0.336769
0.336761
0.336754
0.336747
0.33674
0.336733
0.336726
0.336719
0.336712
0.336705
0.336698
0.336691
0.336685
0.336678
0.336671
0.336665
0.336658
0.336652
0.336645
0.336639
0.336633
0.336627
0.33662
0.336614
0.336608
0.336602
0.336596
0.33659
0.336584
0.336578
0.336572
0.336566
0.336561
0.336555
0.336549
0.336544
0.336538
0.336533
0.336527
0.336522
0.336516
0.336511
0.336506
0.336501
0.336495
0.33649
0.336485
0.33648
0.336475
0.33647
0.336465
0.33646
0.336455
0.336451
0.336446
0.336441
0.336437
0.336432
0.336427
0.336423
0.336418
0.336414
0.336409
0.336405
0.336401
0.336396
0.336392
0.336388
0.336384
0.33638
0.336376
0.336372
0.336368
0.336364
0.33636
0.336356
0.336352
0.336348
0.336345
0.336341
0.336337
0.336334
0.33633
0.336326
0.336323
0.336319
0.336316
0.336313
0.336309
0.336306
0.336303
0.336299
0.336296
0.336293
0.33629
0.336287
0.336284
0.336281
0.336278
0.336275
0.336272
0.336269
0.336266
0.336264
0.336261
0.336258
0.336255
0.336253
0.33625
0.336248
0.336245
0.336243
0.33624
0.336238
0.336235
0.336233
0.336231
0.336228
0.336226
0.336224
0.336222
0.336219
0.336217
0.336215
0.336213
0.336211
0.336209
0.336207
0.336206
0.336204
0.336202
0.3362
0.336198
0.336197
0.336195
0.336193
0.336192
0.33619
0.336188
0.336187
0.336185
0.336184
0.336182
0.336181
0.33618
0.336178
0.336177
0.336176
0.336174
0.336173
0.336172
0.336171
0.33617
0.336169
0.336168
0.336167
0.336166
0.336165
0.336164
0.336163
0.336162
0.336161
0.33616
0.336159
0.336159
0.336158
0.336157
0.336157
0.336156
0.336155
0.336155
0.336154
0.336154
0.336153
0.336153
0.336152
0.336152
0.336152
0.336151
0.336151
0.336151
0.33615
0.33615
0.33615
0.33615
0.33615
0.336149
0.336149
0.336149
0.336149
0.336149
0.336149
0.336149
0.336149
0.336149
0.33615
0.33615
0.33615
0.33615
0.33615
0.336151
0.336151
0.336151
0.336152
0.336152
0.336152
0.336153
0.336153
0.336154
0.336154
0.336155
0.336155
0.336156
0.336156
0.336157
0.336158
0.336158
0.336159
0.33616
0.33616
0.336161
0.336162
0.336163
0.336163
0.336164
0.336165
0.336166
0.336167
0.336168
0.336169
0.33617
0.336171
0.336172
0.336173
0.336174
0.336175
0.336176
0.336178
0.336179
0.33618
0.336181
0.336182
0.336184
0.336185
0.336186
0.336188
0.336189
0.33619
0.336192
0.336193
0.336195
0.336196
0.336198
0.336199
0.336201
0.336202
0.336204
0.336205
0.336207
0.336209
0.33621
0.336212
0.336214
0.336215
0.336217
0.336219
0.336221
0.336223
0.336224
0.336226
0.336228
0.33623
0.336232
0.336234
0.336236
0.336238
0.33624
0.336242
0.336244
0.336246
0.336248
0.33625
0.336252
0.336254
0.336256
0.336258
0.336261
0.336263
0.336265
0.336267
0.336269
0.336272
0.336274
0.336276
0.336279
0.336281
0.336283
0.336286
0.336288
0.33629
0.336293
0.336295
0.336298
0.3363
0.336303
0.336305
0.336308
0.33631
0.336313
0.336316
0.336318
0.336321
0.336323
0.336326
0.336329
0.336331
0.336334
0.336337
0.33634
0.336342
0.336345
0.336348
0.336351
0.336354
0.336356
0.336359
0.336362
0.336365
0.336368
0.336371
0.336374
0.336377
0.33638
0.336383
0.336386
0.336389
0.336392
0.336395
0.336398
0.336401
0.336404
0.336407
0.33641
0.336413
0.336416
0.336419
0.336423
0.336426
0.336429
0.336432
0.336435
0.336439
0.336442
0.336445
0.336448
0.336452
0.336455
0.336458
0.336462
0.336465
0.336468
0.336472
0.336475
0.336479
0.336482
0.336486
0.336489
0.336492
0.336496
0.336499
0.336503
0.336506
0.33651
0.336513
0.336517
0.336521
0.336524
0.336528
0.336531
0.336535
0.336539
0.336542
0.336546
0.336549
0.336553
0.336557
0.336561
0.336564
0.336568
0.336572
0.336576
0.336579
0.336583
0.336587
0.336591
0.336594
0.336598
0.336602
0.336606
0.33661
0.336614
0.336617
0.336621
0.336625
0.336629
0.336633
0.336637
0.336641
0.336645
0.336649
0.336653
0.336657
0.336661
0.336665
0.336669
0.336673
0.336677
0.336681
0.336685
0.336689
0.336693
0.336697
0.336701
0.336705
0.336709
0.336714
0.336718
0.336722
0.336726
0.33673
0.336734
0.336739
0.336743
0.336747
0.336751
0.336755
0.33676
0.336764
0.336768
0.336772
0.336777
0.336781
0.336785
0.336789
0.336794
0.336798
0.336802
0.336807
0.336811
0.336815
0.33682
0.336824
0.336829
0.336833
0.336837
0.336842
0.336846
0.336851
0.336855
0.336859
0.336864
0.336868
0.336873
0.336877
0.336882
0.336886
0.336891
0.336895
0.3369
0.336904
0.336909
0.336913
0.336918
0.336922
0.336927
0.336931
0.336936
0.336941
0.336945
0.33695
0.336954
0.336959
0.336964
0.336968
0.336973
0.336977
0.336982
0.336987
0.336991
0.336996
0.337001
0.337005
0.33701
0.337015
0.337019
0.337024
0.337029
0.337033
0.337038
0.337043
0.337048
0.337052
0.337057
0.337062
0.337067
0.337071
0.337076
0.337081
0.337086
0.337091
0.337095
0.3371
0.337105
0.33711
0.337115
0.337119
0.337124
0.337129
0.337134
0.337139
0.337144
0.337148
0.337153
0.337158
0.337163
0.337168
0.337173
0.337178
0.337183
0.337187
0.337192
0.337197
